367001600S,0C
106970590 1913
98696 1
43008 1
101037 1
47657 1
89583 1
31414 1
93270 1
220814 1
66544 1
30081 1
105317 1
53705 1
100240 1
102095 1
99821 1
35956 1
31625 1
17527 1
31706 1
75391 1
36080 1
6849 1
87675 1
61501 1
2407 1
97111 1
47459 1
59187 1
28246 1
91485 1
88321 1
92661 1
54262 1
35805 1
118037 1
85120 1
83268 1
34694 1
34827 1
76431 1
114339 1
90450 1
51831 1
100453 1
35890 1
89402 1
47550 1
42478 1
90960 1
14573 1
90339 1
30613 1
98706 1
2480 1
257999 1
86760 1
113871 1
53981 1
50118 1
2500 1
2545 1
53911 1
90581 1
75665 1
8903 1
47471 1
88428 1
59651 1
2768 1
92203 1
92784 1
58023 1
90378 1
58736 1
23151 1
89384 1
76667 1
56081 1
47473 1
75743 1
115789 1
88402 1
59715 1
76821 1
88114 1
30913 1
89031 1
21888 1
88990 1
78079 1
2888 1
216445 1
87818 1
35820 1
21953 1
12635 1
114492 1
2476 1
47567 1
51139 1
40226 1
87265 1
75459 1
2065 1
35875 1
14538 1
71681 1
88355 1
61116 1
72167 1
102932 1
36613 1
91268 1
115831 1
60256 1
71483 1
30575 1
2701 1
89743 1
82734 1
81242 1
22588 1
56353 1
55449 1
98304 1
94997 1
47872 1
2602 1
85628 1
34517 1
86961 1
20903 1
47572 1
2477 1
2819 1
9978 1
92357 1
77619 1
85587 1
62182 1
2790 1
80673 1
88559 1
94095 1
54587 1
87565 1
2517 1
36569 1
88371 1
47314 1
28747 1
41096 1
93056 1
83713 1
19608 1
88834 1
116031 1
62528 1
94663 1
75982 1
41497 1
84937 1
36508 1
47745 1
86812 1
30590 1
57652 1
42211 1
88101 1
100290 1
92289 1
62930 1
79383 1
27509 1
48994 1
76380 1
85242 1
79988 1
22351 1
21943 1
92381 1
98473 1
47713 1
125625 1
13041 1
49291 1
36967 1
87944 1
90833 1
62510 1
36753 1
31895 1
97680 1
85735 1
52406 1
86463 1
121912 1
56270 1
88865 1
36558 1
77136 1
47320 1
82899 1
72136 1
19808 1
82514 1
87882 1
45265 1
85905 1
104012 1
98133 1
54522 1
6940 1
22619 1
49999 1
91450 1
47541 1
6323 1
76635 1
22546 1
88460 1
55369 1
16997 1
97533 1
42780 1
83554 1
36722 1
54639 1
15128 1
89077 1
88723 1
56893 1
31228 1
13886 1
96957 1
85876 1
31881 1
47453 1
117246 1
75450 1
89157 1
77099 1
42636 1
83812 1
41397 1
87323 1
39019 1
52938 1
86263 1
34116 1
47496 1
96504 1
44241 1
55138 1
21406 1
93804 1
58904 1
77817 1
88176 1
57047 1
35131 1
37704 1
84118 1
27361 1
97089 1
59502 1
50068 1
90024 1
85789 1
8444 1
54776 1
72105 1
47423 1
22766 1
55853 1
96901 1
87373 1
64985 1
45631 1
84592 1
121619 1
56921 1
88740 1
85992 1
78009 1
5642 1
19742 1
86750 1
47314 1
25666 1
87365 1
56573 1
29534 1
83411 1
97315 1
50721 1
36040 1
72231 1
98110 1
90263 1
9157 1
164590 1
76997 1
36554 1
87422 1
80991 1
88680 1
96711 1
47820 1
64423 1
88916 1
36549 1
48121 1
92417 1
65835 1
96953 1
81764 1
14191 1
121947 1
79647 1
87900 1
89695 1
76942 1
47417 1
30168 1
86584 1
19780 1
87846 1
16750 1
83807 1
97306 1
46253 1
55597 1
49758 1
90088 1
54118 1
47067 1
75273 1
47420 1
28842 1
45600 1
50954 1
102785 1
92453 1
30309 1
97302 1
57446 1
89273 1
83257 1
16727 1
15623 1
46804 1
88293 1
91996 1
59610 1
85327 1
118880 1
48043 1
88457 1
47763 1
87556 1
76327 1
26693 1
89088 1
32381 1
88276 1
83524 1
53098 1
92660 1
40261 1
39081 1
47494 1
40368 1
46870 1
88300 1
54202 1
58827 1
83718 1
82558 1
66190 1
76909 1
39624 1
53343 1
87788 1
87042 1
48784 1
82103 1
88114 1
